2071
3342
2528
1671
2569
748
2965
2736
2118
3536
1969
1360
28
1322
334
1087
147
3638
2755
594
801
677
1767
2200
3281
791
2013
3093
375
299
1933
924
279
261
3569
816
3620
1558
1426
1846
2378
3960
191
3717
1177
2835
599
591
1723
2709
841
2959
66
2111
3681
1940
3946
967
746
3544
3632
252
1522
1208
482
3714
1137
3304
875
1165
2280
338
3196
188
2475
209
2269
2048
387
3162
897
195
3990
2952
118
3932
3123
3291
2323
3681
3366
747
563
1708
3117
3072
3175
1274
3394
1312
3283
1863
2112
3078
3768
501
1433
2986
1998
1102
321
2582
891
1381
2487
3913
3824
83
2698
460
2440
2092
1754
282
2587
3455
2453
2986
2422
432
3443
2543
2149
2400
3142
1969
2883
1751
3717
3571
2842
899
1662
3679
2354
1087
2568
1726
1074
3896
3468
2025
3398
178
2464
2757
1199
2601
2355
2433
821
1085
594
1516
3718
1094
2124
3875
1128
3099
2538
1420
2894
1471
2459
3507
818
2659
2185
2625
3861
1703
350
1366
76
969
1740
2859
2298
1443
3384
3580
1453
1025
2636
3876
2753
3944
238
3544
100
753
3182
1463
695
3341
2694
1516
1156
1957
3781
1988
2368
3450
2509
84
840
3786
1542
1404
1524
3322
3476
1956
845
2427
1106
3688
1123
1745
1983
1539
2611
3709
1532
663
1065
1889
2421
2734
1039
341
56
145
2042
2307
2755
430
2246
2483
2557
2385
585
1494
2593
128
2926
3336
3558
1743
3379
200
3075
3157
1892
2485
3587
3560
1935
2711
917
1936
3391
2664
736
3172
1686
3289
3932
2734
755
678
2226
3029
595
988
361
2377
1982
2156
2834
856
1342
3034
3339
2362
3805
2862
1984
2827
2181
1983
823
825
1848
255
344
697
532
860
2319
3823
1431
4000
1759
843
398
1471
2721
2372
2614
3139
3333
2166
3678
106
604
2706
2047
624
1512
818
2452
3829
1289
2208
3217
2911
2972
698
2327
1553
21
456
3655
1321
2156
1665
3909
1110
1570
3848
695
2873
278
2439
2487
526
1599
3257
2357
1292
1637
120
3009
2680
119
1167
2928
3882
45
1303
418
3581
2363
1741
3827
2995
1227
719
438
1441
3404
2280
1329
1771
3990
368
880
2763
1845
1523
3725
863
17
3103
2548
2636
914
1238
1494
1863
1095
3595
3828
1449
287
2567
3076
100
3612
658
2029
1223
2967
3561
1803
555
1154
3874
1564
1762
2553
1379
595
3554
1027
471
2040
1833
1221
3589
1970
3980
1527
1407
342
3570
1744
2028
3967
672
3797
2623
1786
3308
1891
3675
3551
1750
1090
2405
422
1057
515
1994
2078
532
1273
812
1557
1807
1670
1191
404
1778
3393
128
587
2876
91
2847
206
2947
2138
2291
1209
2503
345
1374
1104
171
3022
240
1098
1881
2999
3753
155
1657
114
1151
2109
1850
127
1996
1302
212
1158
501
3116
433
3484
3804
3350
1594
1879
2921
2525
2432
1675
3856
52
2408
347
2785
2573
1285
3647
3186
2883
222
3183
2499
474
2384
2832
1113
2078
3631
469
3424
490
2052
1272
1162
2511
2961
3171
1412
2019
1400
2052
1436
4000
3318
1908
3880
3756
3247
3365
895
606
2685
2904
2403
1026
1314
546
1986
2514
2769
1929
3751
2357
3905
3393
3090
1064
1304
2089
3349
367
3257
1115
3226
2522
3510
2258
2096
1058
2784
222
2474
1159
3414
10
501
577
3399
1697
2563
3218
2736
1862
1094
3537
3136
767
1092
2356
35
2659
3057
1968
1260
1614
1810
124
3836
934
2033
2977
3070
339
441
2076
421
2070
1066
2196
2610
2521
2480
1081
3998
2083
3621
1103
1477
2693
2429
411
1952
1868
649
3276
2936
2059
2916
2194
880
2724
629
1681
1547
1788
1160
3797
102
3000
563
2054
1497
2210
3232
1729
374
672
861
464
1857
3241
3551
3636
483
3692
78
2132
3948
2360
98
1964
3440
2938
2452
1591
1037
3487
770
3874
2974
3587
196
1246
3550
3056
1347
988
2020
3736
1499
2444
2019
646
515
3531
3920
2109
188
96
2955
2475
2407
465
2027
1677
7
957
1858
3090
2107
182
2416
1008
3462
2629
2564
3591
2568
3336
3418
2186
182
3369
1133
1708
418
395
662
1124
2763
1778
1476
2050
3070
3486
3342
3102
3033
2447
2933
3885
630
3119
404
3348
2697
651
1000
739
1025
1359
364
1501
1318
145
3408
3177
1817
2030
1448
3784
1582
3172
756
1070
1162
3528
1771
3705
805
727
3909
2689
3353
820
251
1121
2632
183
1350
955
3408
213
3956
503
3875
341
2703
2159
158
3453
2598
2201
465
988
3626
1497
286
2762
3874
1575
1438
3041
266
2741
762
1361
346
3791
940
355
2500
371
2149
3076
3584
3119
3187
1271
148
3499
2202
3601
2254
567
326
2980
1367
1919
244
990
1867
2675
180
2793
3431
3596
3747
3964
889
1288
1790
3383
1093
1941
1594
1609
2917
3159
1746
2077
2748
186
1449
3036
1612
3181
3225
3283
1576
1192
1718
595
117
101
721
2133
1892
19
1525
3209
3635
2529
2394
404
1893
1585
1178
3409
890
2078
1012
810
3001
2739
2565
2653
3166
3459
1415
2745
1024
3087
3944
503
2627
2360
1489
3536
3314
1885
567
2235
626
2938
561
2305
1148
3334
3603
469
1696
3751
2208
514
3514
1607
2805
3391
1943
1963
3398
2254
3524
1932
3383
3139
1526
2638
2953
2381
1645
3066
522
2953
3933
966
3247
3561
2951
3475
13
2637
1770
2241
122
304
2609
2560
2446
2933
1744
1414
971
1075
2794
1258
1406
2385
2552
1066
3923
542
1237
3331
3145
1250
393
3611
102
3060
607
3694
171
65
1780
2565
1911
3452
943
3089
203
1420
376
2712
1280
179
2317
1441
960
532
3549
3992
2849
959
1953
3236
2223